176.000000
176.000000
66.000000
136.000000
136.000000
176.000000
176.000000
66.000000
136.000000
456.000000
408.000000
108.000000
136.000000
456.000000
408.000000
176.000000
42.000000
42.000000
176.000000
66.000000
97.000000
247.000000
176.000000
176.000000
66.000000
247.000000
97.000000
66.000000
104.000000
66.000000
176.000000
176.000000
66.000000
448.000000
468.000000
176.000000
42.000000
42.000000
176.000000
66.000000
136.000000
456.000000
408.000000
442.000000
66.000000
738.000000
66.000000
1454.000000
66.000000
2842.000000
78.000000
896.000000
78.000000
300.000000
66.000000
160.000000
66.000000
90.000000
1469.000000
78.000000
130.000000
1392.000000
99.000000
66.000000
84.000000
1392.000000
1392.000000
1392.000000
84.000000
1392.000000
75.000000
1392.000000
1109.000000
1392.000000
551.000000
77.000000
74.000000
79.000000
275.000000
79.000000
67.000000
523.000000
79.000000
176.000000
176.000000
66.000000
42.000000
42.000000
66.000000
66.000000
176.000000
176.000000
66.000000
214.000000
554.000000
214.000000
554.000000
66.000000
66.000000
66.000000
66.000000
214.000000
554.000000
214.000000
554.000000
176.000000
176.000000
66.000000
75.000000
67.000000
176.000000
176.000000
66.000000
70.000000
136.000000
456.000000
408.000000
176.000000
176.000000
66.000000
97.000000
66.000000
104.000000
66.000000
176.000000
42.000000
42.000000
176.000000
66.000000
176.000000
176.000000
66.000000
247.000000
100.000000
161.000000
100.000000
161.000000
247.000000
176.000000
176.000000
66.000000
136.000000
456.000000
408.000000
42.000000
42.000000
176.000000
176.000000
66.000000
97.000000
66.000000
104.000000
66.000000
108.000000
147.000000
117.000000
42.000000
42.000000
66.000000
176.000000
66.000000
66.000000
66.000000
176.000000
176.000000
66.000000
66.000000
66.000000
66.000000
66.000000
176.000000
176.000000
66.000000
136.000000
456.000000
408.000000
448.000000
468.000000
176.000000
176.000000
66.000000
176.000000
42.000000
42.000000
176.000000
66.000000
97.000000
66.000000
104.000000
66.000000
176.000000
176.000000
66.000000
176.000000
176.000000
66.000000
136.000000
456.000000
408.000000
176.000000
176.000000
66.000000
247.000000
247.000000
176.000000
176.000000
66.000000
42.000000
42.000000
97.000000
90.000000
66.000000
104.000000
66.000000
185.000000
205.000000
90.000000
185.000000
205.000000
176.000000
176.000000
66.000000
185.000000
205.000000
448.000000
468.000000
448.000000
468.000000
66.000000
66.000000
448.000000
468.000000
176.000000
176.000000
66.000000
136.000000
456.000000
408.000000
66.000000
66.000000
448.000000
468.000000
66.000000
66.000000
176.000000
176.000000
66.000000
97.000000
66.000000
104.000000
66.000000
176.000000
176.000000
66.000000
448.000000
468.000000
176.000000
176.000000
66.000000
176.000000
176.000000
66.000000
136.000000
456.000000
408.000000
176.000000
176.000000
66.000000
97.000000
66.000000
104.000000
66.000000
448.000000
468.000000
324.000000
590.000000
100.000000
132.000000
74.000000
86.000000
102.000000
1392.000000
1392.000000
144.000000
84.000000
1392.000000
67.000000
75.000000
736.000000
1392.000000
1271.000000
74.000000
75.000000
92.000000
75.000000
75.000000
86.000000
102.000000
1392.000000
473.000000
84.000000
1392.000000
1392.000000
1392.000000
473.000000
86.000000
1392.000000
69.000000
75.000000
476.000000
69.000000
75.000000
220.000000
74.000000
67.000000
74.000000
66.000000
153.000000
405.000000
91.000000
363.000000
90.000000
87.000000
75.000000
106.000000
1392.000000
1392.000000
1383.000000
67.000000
66.000000
84.000000
214.000000
66.000000
66.000000
66.000000
1392.000000
75.000000
67.000000
66.000000
1024.000000
1392.000000
1392.000000
1392.000000
1392.000000
1392.000000
1057.000000
1392.000000
1392.000000
956.000000
1392.000000
1392.000000
75.000000
75.000000
75.000000
75.000000
75.000000
75.000000
1392.000000
1090.000000
75.000000
1392.000000
1392.000000
75.000000
958.000000
1392.000000
1392.000000
77.000000
77.000000
75.000000
1392.000000
1392.000000
75.000000
1392.000000
1392.000000
77.000000
1392.000000
1392.000000
77.000000
79.000000
1392.000000
1392.000000
79.000000
79.000000
1392.000000
1392.000000
1392.000000
79.000000
94.000000
81.000000
1392.000000
1392.000000
1392.000000
81.000000
81.000000
98.000000
1392.000000
1392.000000
81.000000
1392.000000
1392.000000
81.000000
1392.000000
1392.000000
83.000000
81.000000
1392.000000
1392.000000
83.000000
81.000000
1392.000000
1392.000000
1392.000000
1392.000000
81.000000
83.000000
81.000000
855.000000
83.000000
75.000000
214.000000
554.000000
176.000000
176.000000
66.000000
88.000000
104.000000
1392.000000
365.000000
84.000000
1392.000000
1392.000000
1392.000000
365.000000
1392.000000
1392.000000
1392.000000
86.000000
1392.000000
69.000000
75.000000
409.000000
69.000000
75.000000
768.000000
409.000000
75.000000
67.000000
816.000000
91.000000
69.000000
75.000000
67.000000
214.000000
554.000000
214.000000
554.000000
214.000000
554.000000
42.000000
42.000000
92.000000
66.000000
92.000000
66.000000
176.000000
176.000000
66.000000
247.000000
247.000000
176.000000
176.000000
66.000000
136.000000
456.000000
408.000000
66.000000
66.000000
97.000000
66.000000
104.000000
66.000000
75.000000
67.000000
176.000000
176.000000
66.000000
66.000000
66.000000
176.000000
176.000000
66.000000
176.000000
176.000000
66.000000
448.000000
468.000000
108.000000
108.000000
108.000000
176.000000
176.000000
66.000000
136.000000
456.000000
408.000000
42.000000
42.000000
109.000000
109.000000
194.000000
157.000000
74.000000
74.000000
74.000000
66.000000
583.000000
74.000000
54.000000
66.000000
2642.000000
66.000000
882.000000
66.000000
141.000000
117.000000
66.000000
117.000000
66.000000
283.000000
173.000000
66.000000
646.000000
66.000000
176.000000
180.000000
66.000000
176.000000
176.000000
66.000000
66.000000
176.000000
66.000000
176.000000
66.000000
108.000000
109.000000
194.000000
74.000000
97.000000
66.000000
74.000000
66.000000
583.000000
104.000000
66.000000
66.000000
882.000000
78.000000
1354.000000
78.000000
1354.000000
66.000000
141.000000
117.000000
66.000000
176.000000
176.000000
66.000000
117.000000
66.000000
284.000000
285.000000
66.000000
665.000000
66.000000
42.000000
42.000000
66.000000
66.000000
176.000000
176.000000
66.000000
136.000000
456.000000
408.000000
176.000000
176.000000
66.000000
247.000000
247.000000
66.000000
66.000000
88.000000
104.000000
1392.000000
364.000000
176.000000
1392.000000
1392.000000
83.000000
1392.000000
364.000000
176.000000
66.000000
1392.000000
1392.000000
86.000000
1392.000000
69.000000
85.000000
389.000000
83.000000
69.000000
75.000000
75.000000
556.000000
90.000000
69.000000
77.000000
556.000000
106.000000
1392.000000
816.000000
77.000000
84.000000
1392.000000
75.000000
834.000000
67.000000
1054.000000
69.000000
75.000000
556.000000
67.000000
66.000000
66.000000
97.000000
66.000000
104.000000
66.000000
176.000000
176.000000
66.000000
176.000000
176.000000
66.000000
136.000000
456.000000
408.000000
176.000000
176.000000
66.000000
75.000000
67.000000
176.000000
176.000000
66.000000
176.000000
176.000000
66.000000
176.000000
176.000000
66.000000
111.000000
136.000000
456.000000
408.000000
97.000000
66.000000
104.000000
66.000000
448.000000
468.000000
66.000000
66.000000
97.000000
66.000000
176.000000
176.000000
66.000000
66.000000
97.000000
97.000000
176.000000
176.000000
66.000000
97.000000
66.000000
66.000000
247.000000
97.000000
66.000000
108.000000
104.000000
66.000000
176.000000
176.000000
66.000000
247.000000
97.000000
66.000000
97.000000
66.000000
78.000000
66.000000
54.000000
66.000000
66.000000
176.000000
176.000000
66.000000
136.000000
456.000000
408.000000
42.000000
42.000000
176.000000
176.000000
66.000000
97.000000
214.000000
554.000000
176.000000
176.000000
66.000000
214.000000
554.000000
214.000000
554.000000
90.000000
214.000000
554.000000
185.000000
205.000000
185.000000
205.000000
90.000000
185.000000
205.000000
448.000000
468.000000
448.000000
468.000000
176.000000
176.000000
66.000000
448.000000
468.000000
97.000000
66.000000
104.000000
66.000000
176.000000
176.000000
66.000000
448.000000
468.000000
136.000000
456.000000
408.000000
42.000000
42.000000
176.000000
176.000000
66.000000
448.000000
468.000000
97.000000
66.000000
66.000000
176.000000
176.000000
66.000000
176.000000
176.000000
66.000000
66.000000
66.000000
97.000000
66.000000
104.000000
66.000000
176.000000
176.000000
66.000000
136.000000
456.000000
408.000000
66.000000
66.000000
247.000000
448.000000
468.000000
247.000000
176.000000
176.000000
66.000000
176.000000
176.000000
66.000000
90.000000
130.000000
1392.000000
84.000000
1392.000000
75.000000
1048.000000
1392.000000
921.000000
75.000000
97.000000
66.000000
104.000000
66.000000
176.000000
176.000000
66.000000
42.000000
42.000000
176.000000
176.000000
66.000000
136.000000
456.000000
408.000000
87.000000
140.000000
74.000000
74.000000
176.000000
176.000000
66.000000
74.000000
66.000000
583.000000
74.000000
66.000000
583.000000
66.000000
278.000000
66.000000
130.000000
158.000000
420.000000
928.000000
66.000000
278.000000
66.000000
130.000000
223.000000
66.000000
140.000000
66.000000
97.000000
66.000000
101.000000
66.000000
97.000000
223.000000
66.000000
140.000000
66.000000
66.000000
66.000000
268.000000
66.000000
75.000000
67.000000
176.000000
176.000000
66.000000
97.000000
176.000000
176.000000
66.000000
448.000000
468.000000
66.000000
66.000000
97.000000
66.000000
104.000000
66.000000
176.000000
176.000000
66.000000
136.000000
456.000000
408.000000
66.000000
66.000000
176.000000
176.000000
66.000000
66.000000
66.000000
176.000000
176.000000
66.000000
247.000000
97.000000
66.000000
104.000000
66.000000
247.000000
108.000000
176.000000
176.000000
66.000000
100.000000
161.000000
100.000000
161.000000
42.000000
42.000000
176.000000
176.000000
66.000000
136.000000
456.000000
408.000000
176.000000
176.000000
176.000000
66.000000
78.000000
176.000000
66.000000
176.000000
66.000000
176.000000
78.000000
66.000000
66.000000
66.000000
66.000000
176.000000
176.000000
66.000000
97.000000
66.000000
104.000000
66.000000
176.000000
136.000000
456.000000
456.000000
408.000000
176.000000
66.000000
66.000000
66.000000
176.000000
176.000000
66.000000
66.000000
66.000000
214.000000
554.000000
105.000000
66.000000
66.000000
105.000000
66.000000
66.000000
66.000000
66.000000
66.000000
214.000000
554.000000
176.000000
176.000000
66.000000
214.000000
554.000000
66.000000
66.000000
214.000000
554.000000
42.000000
42.000000
176.000000
176.000000
66.000000
448.000000
468.000000
136.000000
456.000000
408.000000
176.000000
176.000000
66.000000
247.000000
247.000000
176.000000
176.000000
66.000000
97.000000
66.000000
104.000000
66.000000
176.000000
176.000000
66.000000
42.000000
42.000000
176.000000
176.000000
66.000000
176.000000
176.000000
66.000000
176.000000
176.000000
66.000000
66.000000
66.000000
97.000000
66.000000
104.000000
66.000000
176.000000
176.000000
176.000000
66.000000
90.000000
185.000000
205.000000
66.000000
66.000000
185.000000
205.000000
90.000000
205.000000
185.000000
448.000000
468.000000
468.000000
448.000000
176.000000
180.000000
66.000000
176.000000
66.000000
176.000000
66.000000
448.000000
468.000000
66.000000
66.000000
66.000000
54.000000
448.000000
468.000000
176.000000
176.000000
66.000000
42.000000
42.000000
97.000000
66.000000
104.000000
66.000000
176.000000
176.000000
66.000000
74.000000
86.000000
102.000000
1392.000000
1392.000000
143.000000
84.000000
1392.000000
75.000000
67.000000
733.000000
1264.000000
1392.000000
74.000000
77.000000
75.000000
176.000000
75.000000
733.000000
448.000000
468.000000
75.000000
86.000000
102.000000
1392.000000
472.000000
84.000000
1392.000000
75.000000
67.000000
476.000000
69.000000
75.000000
220.000000
74.000000
67.000000
382.000000
363.000000
165.000000
75.000000
91.000000
1392.000000
1392.000000
1377.000000
67.000000
84.000000
1392.000000
67.000000
75.000000
1024.000000
1392.000000
1392.000000
1392.000000
1392.000000
1392.000000
1050.000000
1392.000000
1392.000000
1392.000000
1141.000000
1392.000000
1392.000000
904.000000
1392.000000
960.000000
1392.000000
1392.000000
75.000000
75.000000
77.000000
75.000000
75.000000
75.000000
77.000000
75.000000
1392.000000
75.000000
77.000000
77.000000
77.000000
77.000000
1392.000000
1392.000000
1392.000000
1392.000000
1392.000000
1392.000000
1392.000000
1392.000000
1392.000000
1392.000000
1392.000000
1392.000000
1392.000000
1392.000000
1392.000000
1392.000000
77.000000
79.000000
77.000000
77.000000
79.000000
90.000000
77.000000
79.000000
79.000000
77.000000
79.000000
1392.000000
77.000000
1392.000000
94.000000
1392.000000
1392.000000
77.000000
1392.000000
1392.000000
1392.000000
79.000000
75.000000
1392.000000
1392.000000
1392.000000
77.000000
77.000000
84.000000
77.000000
88.000000
104.000000
1392.000000
365.000000
1392.000000
84.000000
1392.000000
75.000000
67.000000
1392.000000
75.000000
409.000000
91.000000
769.000000
69.000000
75.000000
67.000000
816.000000
69.000000
75.000000
74.000000
176.000000
176.000000
66.000000
247.000000
247.000000
74.000000
176.000000
176.000000
66.000000
176.000000
176.000000
66.000000
