0.000000
0.004834
0.004862
4.702668
4.702703
5.005480
5.013927
5.013946
5.727042
5.727090
5.727101
6.054086
6.853280
6.853322
6.853333
10.014888
10.021353
10.021362
10.231621
10.231650
11.027548
14.637164
15.232463
15.256650
15.256684
15.661899
20.085807
20.148264
20.236105
20.236131
20.257332
20.473127
20.473163
24.261283
24.261317
25.474272
25.476463
25.476471
25.479227
25.479245
26.821252
26.821309
26.821323
27.641271
27.641302
27.641322
27.641328
28.049827
28.049852
28.085838
28.085876
28.113275
28.113307
28.151252
28.151285
28.189555
28.253195
28.388495
28.401638
28.401657
28.452886
28.454202
28.480633
28.480658
28.543999
28.570854
28.570872
28.571961
28.658463
28.683668
28.683962
28.684101
28.684115
28.863334
28.935285
28.935443
28.938535
28.938634
28.938698
28.938779
28.970301
29.014411
29.014549
30.480018
30.485745
30.485763
33.476412
33.476426
33.555584
33.558587
35.486852
35.505124
35.505148
35.840385
35.845715
36.841197
36.847383
37.651576
37.655697
37.695572
37.791405
37.842305
37.846309
38.843445
38.848876
40.506591
40.511341
40.511370
43.685129
43.767259
45.512376
45.516718
45.516747
46.276075
46.788761
46.788813
46.788826
50.518131
50.522778
50.522796
53.085775
53.147955
53.235907
53.235931
55.523812
55.530070
55.530078
55.532130
55.532151
60.532610
60.536865
60.536884
63.889076
63.960571
64.025966
64.027054
64.089911
64.811618
65.537285
65.541689
65.541707
66.859760
66.859794
66.859800
69.111127
69.111139
70.542108
70.750799
70.750834
71.085732
71.147739
71.673237
71.673294
72.767629
75.752100
75.752862
75.753162
75.753171
75.755456
75.756568
75.756587
78.611603
78.614806
80.757895
80.762126
80.762171
82.707580
82.710995
82.791590
82.887305
85.762635
85.766992
85.767009
86.827814
86.827866
86.827881
88.260878
88.260926
90.768382
90.772809
90.772828
95.773780
95.778835
95.778843
95.783599
95.783619
97.085736
97.148713
97.236880
97.236899
100.784930
100.792267
100.792286
105.793667
105.799909
105.799936
106.795635
106.795668
106.795674
110.801331
110.808962
110.808991
113.143837
114.167859
115.810075
115.818310
115.818337
115.818351
115.818358
120.085744
120.088719
120.148822
120.236889
120.236908
120.517132
120.517165
120.721748
120.729183
120.729825
120.819796
120.828329
120.828353
121.030133
121.030168
121.337740
121.337782
122.258413
122.258460
123.667584
123.672107
124.305916
124.305953
125.829510
125.835283
125.835301
126.763736
126.763772
126.763778
127.763595
127.768111
128.300978
128.301025
129.811600
129.907177
130.836284
130.842037
130.842056
135.085757
135.146500
135.235205
135.235230
135.843023
135.848089
135.848107
136.288966
136.288995
140.848784
140.856157
140.856185
145.857498
145.861874
145.861901
146.834386
146.834433
146.834443
150.863248
150.867979
150.868017
152.085790
152.148758
152.236870
152.236895
152.243104
152.243148
152.650451
152.655811
153.960565
154.024581
154.025244
154.143568
154.208742
154.211620
154.211998
154.212024
154.302504
154.330855
154.330882
154.331225
154.615455
154.616092
154.616102
154.616104
154.616404
154.616445
154.616448
154.642286
154.658327
154.714440
154.715679
154.715826
154.802281
154.831459
154.831476
154.832485
154.832534
154.885520
154.938348
154.938366
154.938620
154.993770
154.993866
154.994018
155.018413
155.027615
155.097332
155.235436
155.235468
155.235566
155.285959
155.286318
155.287991
155.289011
155.289915
155.290004
155.344416
155.345681
155.346015
155.346030
155.365317
155.420760
155.424633
155.429477
155.429491
155.429503
155.429572
155.455874
155.456160
155.456984
155.638989
155.669278
155.669294
155.669298
155.669301
155.669304
155.669307
155.669321
155.669325
155.669329
155.669332
155.669334
155.669403
155.669464
155.669499
155.669516
155.669533
155.669550
155.669567
155.669902
155.669908
155.670404
155.671656
155.671664
155.671733
155.673147
155.673163
155.673167
155.673221
155.673267
155.673306
155.674150
155.674163
155.674224
155.674730
155.674741
155.674813
155.676180
155.676198
155.676292
155.676337
155.677506
155.677519
155.677656
155.677687
155.680137
155.680149
155.680152
155.680227
155.680260
155.680284
155.685414
155.685431
155.685434
155.685507
155.685552
155.686720
155.722647
155.722664
155.722782
155.724461
155.724469
155.724545
155.727464
155.727472
155.727549
155.727572
155.730674
155.730682
155.730755
155.730777
155.732610
155.732618
155.732621
155.732623
155.732696
155.732717
155.732742
155.736009
155.741673
155.741780
155.841465
155.849650
155.869158
155.873356
155.873385
155.915733
155.970195
155.971243
155.971378
156.050477
156.071428
156.071446
156.072335
156.072379
156.098210
156.108887
156.113940
156.125001
156.174503
156.174600
156.174779
156.356102
156.356124
156.356354
156.356895
156.401040
156.426353
156.432755
156.526665
156.527341
156.528562
156.553944
156.603892
156.841778
156.848261
157.843189
157.849150
158.844298
158.850022
159.120603
159.120626
159.538202
159.634418
159.838311
159.838330
160.874006
160.878364
160.878384
162.397798
163.421772
165.879578
165.883814
165.883832
166.805370
166.808367
166.809191
168.723588
168.728105
169.085798
169.148754
169.236773
169.236799
169.717142
169.796590
170.884824
170.892410
170.892429
172.819593
172.830570
175.893126
175.900377
175.900404
180.900892
180.946406
180.946433
184.312068
184.312102
184.366509
185.114607
185.605405
185.947636
186.156062
186.156089
186.873508
186.879037
186.880950
189.459586
189.555173
189.699512
189.699729
189.753503
189.756978
189.757357
190.007830
190.009380
190.009400
190.009857
190.250711
190.250735
190.250766
190.252456
190.252469
190.252693
190.252700
190.254252
190.254998
190.558422
190.558992
190.559002
190.559310
190.560376
190.865737
190.865756
190.865764
191.156592
191.160896
191.160912
191.161130
191.163964
191.163973
191.195282
196.164602
196.169029
196.170031
196.170042
198.797783
198.904076
198.960880
198.961461
199.085789
199.155960
199.189604
199.189660
199.190202
199.235243
199.235268
199.467757
200.081681
200.081707
200.388245
200.388278
200.696559
200.696598
200.698833
200.699099
201.002438
201.171219
201.175775
201.175794
201.719371
201.719408
201.719771
201.719840
202.026686
202.027209
202.027227
204.586200
204.586213
205.587587
205.682022
206.176986
206.184892
206.184920
206.839612
206.839671
206.839681
211.185492
211.190075
211.190097
211.652598
212.778980
213.779535
213.782743
215.916805
215.970970
215.973321
215.973457
216.191400
216.193124
216.193145
216.194008
216.195181
216.195205
216.196468
216.196485
216.466278
216.466299
216.466303
216.466306
216.466309
216.466423
216.466452
216.466459
216.466478
216.466644
216.466722
216.467060
216.467552
216.772079
216.772206
216.929727
216.968417
216.969764
217.047242
217.047483
217.053986
217.080653
217.081077
217.081234
217.165270
217.244026
217.245904
217.246065
217.392569
217.693373
217.875551
217.879254
219.085800
219.146134
219.234094
219.234124
221.197417
221.201614
221.201635
226.202140
226.206865
226.206888
226.910041
226.910099
226.910111
231.208035
231.212839
231.212864
232.081640
232.159600
236.213849
236.220181
236.220214
241.221663
241.231660
241.231695
246.232605
246.239150
246.239185
246.694957
246.878449
246.878502
246.878513
247.085784
247.149176
247.237233
247.237265
248.312204
248.312241
250.683532
250.781425
250.911632
250.911670
251.240264
251.291762
251.291790
251.475537
252.179547
253.587548
256.293144
256.298692
256.298711
256.531594
258.835583
258.839507
260.907129
261.085699
261.147983
261.159939
261.235551
261.235572
261.299487
261.324236
261.324259
261.931218
262.035671
262.035702
262.163595
262.579588
262.852836
262.861035
262.861053
262.931532
262.935601
266.325632
266.334045
266.334076
266.846479
266.846519
266.846526
267.869779
267.869789
271.335440
271.340187
271.340216
273.427592
275.842803
275.848332
276.341183
276.345663
276.345683
276.844254
276.849410
277.845472
277.854005
278.519358
278.846559
278.851755
278.898631
278.899131
279.236405
279.236448
279.236467
279.441058
279.441091
279.748345
279.748387
280.669931
280.669964
281.346956
281.351167
281.351186
282.718080
282.718112
285.085815
285.148266
285.236339
285.236364
286.351617
286.356003
286.356022
286.711498
286.711536
286.917135
286.917165
286.917169
290.323570
290.325091
291.356511
291.361096
291.361115
294.801582
294.801638
295.699590
295.783580
295.879797
296.362398
296.366604
296.366630
301.367166
301.371367
301.371394
303.891587
303.896125
304.085754
304.148939
304.237023
304.237043
306.372487
306.378991
306.379011
306.885572
306.885605
306.885609
307.987595
307.992865
310.263920
310.776045
310.776073
311.185704
311.379390
311.386676
311.386694
316.387261
316.392755
316.392773
316.895645
316.953652
316.955020
317.041941
317.070398
317.070730
317.070862
317.132388
317.132406
317.132592
321.085794
321.149055
321.237331
321.237359
321.393997
321.399582
321.399601
322.039677
322.039687
326.400878
326.405861
326.405895
326.955401
326.955456
326.955466
331.125251
331.358181
331.358771
331.375071
331.406474
331.410555
331.410582
331.421130
331.421158
331.421486
331.436678
331.436699
331.436989
331.482837
331.483543
331.483563
331.486414
331.486556
331.486718
331.486991
331.498477
331.499189
331.499202
331.500256
331.546509
331.546538
331.546561
331.546566
331.546572
331.546577
331.546581
331.546588
331.546759
331.562306
331.562332
331.562354
331.562359
331.589102
331.607480
331.767346
331.767372
332.071881
332.153245
336.411344
336.415706
336.415732
340.755542
341.417120
341.421216
341.421236
342.724316
342.724356
342.803542
342.899548
344.085828
344.148152
344.236279
344.236307
346.421898
346.427024
346.427044
346.922868
346.922915
346.922921
348.947541
348.950704
351.427640
351.432461
351.432484
353.043536
353.046732
356.433458
356.438392
356.438415
359.517986
360.085768
360.148175
360.236370
360.236405
360.541828
361.154488
361.439312
361.443522
361.443562
363.960331
364.016319
364.017197
364.072704
365.331576
365.332687
366.444086
366.485969
366.486019
366.994220
366.996797
366.997464
371.486895
371.699595
371.706159
371.706193
371.709165
376.707730
376.925803
376.926300
376.926326
377.142211
377.142242
377.619546
377.619577
377.681312
377.681410
381.927531
381.933717
381.933759
384.085810
384.148289
384.236231
384.236259
386.934449
386.937493
386.937522
386.937526
386.937529
386.940742
386.940757
387.903532
388.000775
391.941198
391.946541
391.946572
394.003545
394.007457
395.844319
395.849765
396.587029
396.587051
396.587065
396.613640
396.613663
396.613751
396.613832
396.627532
396.674694
396.845657
396.851555
396.947192
396.951544
396.951578
397.846755
397.853601
398.099539
398.103066
398.847853
398.853440
401.604529
401.604545
401.952621
401.959828
401.959910
406.725271
406.725325
406.930277
406.930324
406.930335
406.961346
406.965533
406.965568
408.772230
409.796433
411.966202
411.973843
411.973873
412.085776
412.150674
412.236582
412.236609
416.974962
417.070605
417.070644
417.299576
417.300668
422.072072
422.076332
422.076350
427.077696
427.082224
427.082242
432.083242
432.087418
432.087437
433.003534
433.101033
436.085820
436.149299
436.237357
436.237383
437.088296
437.331593
437.353151
437.353178
438.468815
438.980954
438.980992
439.059536
439.063375
439.147733
439.170034
439.170050
439.492961
439.492979
439.697989
439.698020
440.722819
440.722843
442.354508
442.455717
442.455743
442.455986
442.464630
442.465623
442.465630
442.769939
442.769972
443.155594
443.155611
443.181029
443.218526
446.762902
446.762946
447.466214
447.472821
447.472848
448.298885
448.298895
451.085700
451.148942
451.236851
451.236869
452.474079
452.478953
452.478979
453.960956
454.142321
454.195441
454.196720
454.196979
454.196998
454.275952
454.306491
454.306782
454.306959
454.647719
454.648171
454.648180
454.648183
454.648478
454.648522
454.648529
454.648554
454.655149
454.660047
454.660073
454.681156
454.688762
454.745335
454.746624
454.746767
454.825911
454.856255
454.856525
454.880213
454.912591
454.912609
454.912788
454.936884
454.963607
455.013016
455.262279
455.262297
455.262299
455.262480
455.262661
455.266347
455.266610
455.266623
455.337205
455.343383
455.371609
455.371626
455.371889
455.674476
455.674496
455.674499
455.674501
455.674504
455.674506
455.674517
455.674521
455.674524
455.674526
455.674540
455.674544
455.674556
455.674560
455.674577
455.674581
455.674652
455.674657
455.674693
455.674728
455.674742
455.674757
455.674773
455.674789
455.674801
455.674814
455.674815
455.674830
455.674846
455.674858
455.674871
455.674883
455.678699
455.678724
455.678736
455.678739
455.678744
455.678747
455.678758
455.678762
455.678775
455.678779
455.678789
455.678792
455.678810
455.678828
455.678838
455.678842
455.678853
455.678900
455.678923
455.678952
455.678983
455.679011
455.679051
455.679080
455.679099
455.679122
455.679145
455.680506
455.680600
455.684940
455.690701
455.729760
455.730677
455.730726
455.732022
455.733917
455.733926
455.733954
455.733995
455.737527
455.740371
455.740380
455.740410
455.740431
455.740450
455.740486
455.920920
455.978411
455.979480
455.979639
456.018865
456.058606
456.080816
456.081083
456.104537
456.185587
456.185712
456.196329
456.196628
456.196842
456.197452
456.223001
456.249690
456.387951
456.387967
456.388132
456.979596
457.479686
457.484267
457.484293
458.026923
458.948358
461.075597
462.485322
462.489930
462.489952
467.491193
467.556876
467.556903
